spawn:
  world: fullpvp2
  x: 1039.5022673457515
  y: 47.0
  z: -142.50540430646097
  yaw: -269.47366
  pitch: 9.446773
firstspawn:
  world: fullpvp2
  x: 1039.5022673457515
  y: 47.0
  z: -142.50540430646097
  yaw: -269.47366
  pitch: 9.446773
