lastAccountName: MrKutyaeledel
timestamps:
  login: 1629899724507
  logout: 1629901970327
ipAddress: 176.63.28.41
logoutlocation:
  world: world
  x: 1028.498784989849
  y: 46.0
  z: -136.7764899495767
  yaw: -240.05147
  pitch: 24.686096
afk: false
lastlocation:
  world: world
  x: 989.4387046249526
  y: 43.0
  z: -138.9827460657017
  yaw: 179.41386
  pitch: 39.431725
