lastAccountName: ShaumaX
timestamps:
  login: 1629191458429
  logout: 1629191460229
ipAddress: 84.2.252.79
logoutlocation:
  world: world
  x: 1039.0330927578111
  y: 47.0
  z: -142.5812640996708
  yaw: -275.45026
  pitch: 12.2999935
