lastAccountName: tesztakk
timestamps:
  login: 1629151511307
  logout: 1629151526908
ipAddress: 80.98.122.175
logoutlocation:
  world: world
  x: 1039.2805991384948
  y: 47.0
  z: -142.60499501205803
  yaw: -265.25018
  pitch: 21.74999
money: '0'
lastlocation:
  world: world
  x: 1020.5
  y: 46.0
  z: -146.5
  yaw: 222.40033
  pitch: 14.100031
