lastAccountName: Astarix
timestamps:
  login: 1628936710131
  logout: 1628936710405
ipAddress: 149.200.0.41
logoutlocation:
  world: world
  x: 1039.1394662241958
  y: 47.0
  z: -142.60562813329298
  yaw: -269.15012
  pitch: 0.74999315
