spawns: 
  default: 
    world: fullpvp2
    x: 1039.505004394604
    y: 47.0
    z: -142.50362553150785
    yaw: 94.28946
    pitch: 5.1993866
