world: Duel
x: 65.52626428014811
y: 105.0
z: 144.0865187271079
yaw: 142.70654
pitch: 26.564363
name: duelt
